[38;2;28;31;36m[48;2;28;31;36m▀[38;2;28;31;36m[48;2;28;31;36m▀[38;2;28;31;36m[48;2;28;31;36m▀[38;2;28;31;36m[48;2;28;31;36m▀[38;2;28;31;36m[48;2;28;31;36m▀[38;2;28;31;36m[48;2;28;31;36m▀[38;2;28;31;36m[48;2;28;31;36m▀[38;2;28;31;36m[48;2;28;31;36m▀[38;2;28;31;36m[48;2;28;31;36m▀[38;2;28;31;36m[48;2;28;31;36m▀[38;2;28;31;36m[48;2;28;31;36m▀[38;2;28;31;36m[48;2;28;31;36m▀[38;2;28;31;36m[48;2;28;31;36m▀[38;2;28;31;36m[48;2;29;32;37m▀[38;2;28;31;36m[48;2;29;33;38m▀[38;2;28;31;36m[48;2;28;31;36m▀[38;2;29;32;37m[48;2;28;31;36m▀[38;2;29;33;38m[48;2;28;31;36m▀[38;2;30;34;39m[48;2;42;50;58m▀[38;2;31;35;40m[48;2;66;80;96m▀[38;2;30;33;38m[48;2;81;99;119m▀[38;2;29;32;37m[48;2;85;104;125m▀[38;2;28;31;36m[48;2;79;97;116m▀[38;2;28;31;36m[48;2;68;83;99m▀[38;2;28;31;36m[48;2;51;60;71m▀[38;2;28;31;36m[48;2;31;36;41m▀[38;2;28;31;36m[48;2;35;40;47m▀[38;2;28;31;36m[48;2;64;78;93m▀[38;2;44;52;61m[48;2;77;94;112m▀[38;2;54;65;77m[48;2;49;58;68m▀[38;2;29;33;38m[48;2;28;31;36m▀[38;2;28;31;36m[48;2;29;32;37m▀[38;2;28;31;36m[48;2;28;31;36m▀[38;2;28;31;36m[48;2;28;31;36m▀[0m
[38;2;28;31;36m[48;2;28;31;36m▀[38;2;28;31;36m[48;2;28;31;36m▀[38;2;28;31;36m[48;2;28;31;36m▀[38;2;28;31;36m[48;2;28;31;36m▀[38;2;28;31;36m[48;2;28;31;36m▀[38;2;28;31;36m[48;2;28;31;36m▀[38;2;28;31;36m[48;2;28;31;36m▀[38;2;28;31;36m[48;2;28;31;36m▀[38;2;28;31;36m[48;2;28;31;36m▀[38;2;28;31;36m[48;2;28;31;36m▀[38;2;28;31;36m[48;2;28;31;36m▀[38;2;28;31;36m[48;2;28;32;37m▀[38;2;28;31;36m[48;2;30;34;40m▀[38;2;28;31;36m[48;2;47;56;66m▀[38;2;28;31;36m[48;2;76;93;111m▀[38;2;28;31;36m[48;2;99;123;148m▀[38;2;38;45;52m[48;2;109;136;163m▀[38;2;53;63;75m[48;2;111;138;165m▀[38;2;64;78;93m[48;2;109;135;162m▀[38;2;73;90;107m[48;2;107;133;159m▀[38;2;89;110;131m[48;2;103;128;154m▀[38;2;100;124;148m[48;2;98;122;146m▀[38;2;99;122;147m[48;2;96;119;142m▀[38;2;97;120;144m[48;2;94;116;139m▀[38;2;93;115;138m[48;2;90;111;133m▀[38;2;79;97;116m[48;2;88;108;130m▀[38;2;78;96;114m[48;2;84;103;124m▀[38;2;84;103;123m[48;2;83;102;122m▀[38;2;73;89;106m[48;2;59;71;85m▀[38;2;31;36;41m[48;2;28;31;36m▀[38;2;28;31;36m[48;2;29;32;37m▀[38;2;28;31;36m[48;2;28;31;36m▀[38;2;28;31;36m[48;2;28;31;36m▀[38;2;28;31;36m[48;2;28;31;36m▀[0m
[38;2;28;31;36m[48;2;28;31;36m▀[38;2;28;31;36m[48;2;28;31;36m▀[38;2;28;31;36m[48;2;28;31;36m▀[38;2;28;31;36m[48;2;28;31;36m▀[38;2;28;31;36m[48;2;28;31;36m▀[38;2;28;31;36m[48;2;28;31;36m▀[38;2;28;31;36m[48;2;28;31;36m▀[38;2;28;31;36m[48;2;28;32;37m▀[38;2;28;31;36m[48;2;28;32;37m▀[38;2;28;32;37m[48;2;28;31;36m▀[38;2;29;33;38m[48;2;28;31;36m▀[38;2;28;32;37m[48;2;28;31;36m▀[38;2;30;33;38m[48;2;36;42;49m▀[38;2;47;56;66m[48;2;45;53;62m▀[38;2;59;71;85m[48;2;54;64;76m▀[38;2;66;80;95m[48;2;67;81;97m▀[38;2;71;86;103m[48;2;86;106;127m▀[38;2;86;106;127m[48;2;101;125;150m▀[38;2;103;128;153m[48;2;106;131;158m▀[38;2;103;128;154m[48;2;106;131;158m▀[38;2;102;127;152m[48;2;104;129;155m▀[38;2;101;125;150m[48;2;103;128;153m▀[38;2;99;122;147m[48;2;101;126;151m▀[38;2;97;120;144m[48;2;99;123;147m▀[38;2;94;117;140m[48;2;97;120;144m▀[38;2;90;111;133m[48;2;94;116;139m▀[38;2;87;107;128m[48;2;90;111;133m▀[38;2;84;104;124m[48;2;86;106;127m▀[38;2;68;83;99m[48;2;86;106;127m▀[38;2;31;35;40m[48;2;64;78;93m▀[38;2;28;32;37m[48;2;28;31;36m▀[38;2;28;32;37m[48;2;29;32;37m▀[38;2;28;31;36m[48;2;28;31;36m▀[38;2;28;31;36m[48;2;28;31;36m▀[0m
[38;2;28;31;36m[48;2;28;31;36m▀[38;2;28;31;36m[48;2;28;31;36m▀[38;2;28;31;36m[48;2;28;31;36m▀[38;2;28;31;36m[48;2;28;31;36m▀[38;2;28;31;36m[48;2;28;31;36m▀[38;2;28;31;36m[48;2;28;31;36m▀[38;2;28;31;36m[48;2;29;33;38m▀[38;2;28;31;36m[48;2;39;46;54m▀[38;2;28;31;36m[48;2;38;45;52m▀[38;2;39;45;53m[48;2;36;42;49m▀[38;2;66;80;96m[48;2;39;45;53m▀[38;2;87;107;128m[48;2;53;63;75m▀[38;2;101;125;150m[48;2;99;123;148m▀[38;2;109;136;163m[48;2;111;138;166m▀[38;2;112;139;167m[48;2;105;131;157m▀[38;2;112;140;168m[48;2;104;129;155m▀[38;2;110;137;164m[48;2;105;130;156m▀[38;2;107;133;159m[48;2;106;131;158m▀[38;2;106;131;158m[48;2;106;131;158m▀[38;2;106;131;158m[48;2;105;131;157m▀[38;2;105;131;157m[48;2;107;133;159m▀[38;2;105;130;156m[48;2;103;127;153m▀[38;2;103;128;154m[48;2;100;124;148m▀[38;2;101;126;151m[48;2;104;130;156m▀[38;2;101;125;150m[48;2;102;127;152m▀[38;2;97;120;144m[48;2;100;124;148m▀[38;2;93;115;138m[48;2;97;120;144m▀[38;2;90;111;133m[48;2;92;114;137m▀[38;2;87;107;128m[48;2;86;106;127m▀[38;2;89;109;131m[48;2;92;114;136m▀[38;2;52;62;73m[48;2;84;103;123m▀[38;2;28;31;36m[48;2;36;41;48m▀[38;2;29;32;37m[48;2;28;31;36m▀[38;2;28;31;36m[48;2;28;32;37m▀[0m
[38;2;28;31;36m[48;2;28;31;36m▀[38;2;28;31;36m[48;2;28;31;36m▀[38;2;28;31;36m[48;2;28;31;36m▀[38;2;28;31;36m[48;2;28;31;36m▀[38;2;28;32;37m[48;2;28;31;36m▀[38;2;28;31;36m[48;2;28;31;36m▀[38;2;34;39;45m[48;2;28;31;36m▀[38;2;56;67;80m[48;2;28;31;36m▀[38;2;44;51;60m[48;2;35;41;48m▀[38;2;28;31;36m[48;2;66;80;96m▀[38;2;54;64;76m[48;2;83;102;122m▀[38;2;101;125;150m[48;2;61;74;88m▀[38;2;104;130;156m[48;2;41;48;57m▀[38;2;77;94;113m[48;2;64;78;93m▀[38;2;82;101;121m[48;2;101;125;150m▀[38;2;106;132;159m[48;2;105;130;156m▀[38;2;106;131;158m[48;2;105;131;157m▀[38;2;106;131;158m[48;2;106;131;158m▀[38;2;106;131;158m[48;2;104;130;156m▀[38;2;105;131;157m[48;2;110;137;165m▀[38;2;108;135;162m[48;2;82;100;120m▀[38;2;62;75;89m[48;2;31;36;41m▀[38;2;94;117;140m[48;2;103;127;153m▀[38;2;108;134;161m[48;2;106;132;159m▀[38;2;103;128;153m[48;2;105;130;156m▀[38;2;102;127;152m[48;2;104;129;155m▀[38;2;99;123;147m[48;2;101;126;151m▀[38;2;100;124;149m[48;2;101;125;150m▀[38;2;70;86;102m[48;2;92;114;136m▀[38;2;63;77;91m[48;2;30;33;38m▀[38;2;94;116;139m[48;2;72;88;105m▀[38;2;58;70;83m[48;2;75;91;109m▀[38;2;28;31;36m[48;2;28;31;36m▀[38;2;29;33;38m[48;2;29;32;37m▀[0m
[38;2;28;31;36m[48;2;28;31;36m▀[38;2;28;31;36m[48;2;28;31;36m▀[38;2;28;31;36m[48;2;28;31;36m▀[38;2;28;31;36m[48;2;28;31;36m▀[38;2;28;31;36m[48;2;28;31;36m▀[38;2;28;31;36m[48;2;29;33;38m▀[38;2;28;31;36m[48;2;42;50;58m▀[38;2;28;31;36m[48;2;64;77;92m▀[38;2;29;33;38m[48;2;83;102;122m▀[38;2;35;41;48m[48;2;94;117;140m▀[38;2;35;40;47m[48;2;103;128;154m▀[38;2;52;62;74m[48;2;108;135;162m▀[38;2;88;108;130m[48;2;105;130;156m▀[38;2;108;135;162m[48;2;100;124;149m▀[38;2;103;128;153m[48;2;101;126;151m▀[38;2;104;129;155m[48;2;103;128;153m▀[38;2;105;130;156m[48;2;104;129;155m▀[38;2;106;131;158m[48;2;104;130;156m▀[38;2;105;130;156m[48;2;106;131;158m▀[38;2;110;137;165m[48;2;105;130;156m▀[38;2;52;62;73m[48;2;40;47;55m▀[38;2;28;31;36m[48;2;28;31;36m▀[38;2;98;122;146m[48;2;73;90;107m▀[38;2;107;133;160m[48;2;113;141;169m▀[38;2;105;131;157m[48;2;103;128;154m▀[38;2;105;131;157m[48;2;105;130;156m▀[38;2;104;129;155m[48;2;105;131;157m▀[38;2;102;126;151m[48;2;104;129;155m▀[38;2;103;128;153m[48;2;101;126;151m▀[38;2;85;104;125m[48;2;102;126;151m▀[38;2;72;88;105m[48;2;96;118;142m▀[38;2;90;111;133m[48;2;99;123;148m▀[38;2;32;36;42m[48;2;49;59;69m▀[38;2;28;31;36m[48;2;28;31;36m▀[0m
[38;2;28;31;36m[48;2;28;31;36m▀[38;2;28;32;37m[48;2;28;31;36m▀[38;2;29;32;37m[48;2;28;31;36m▀[38;2;28;32;37m[48;2;28;31;36m▀[38;2;37;43;50m[48;2;30;34;39m▀[38;2;63;76;90m[48;2;30;33;38m▀[38;2;77;94;113m[48;2;28;32;37m▀[38;2;77;95;113m[48;2;36;41;48m▀[38;2;74;91;108m[48;2;32;36;42m▀[38;2;73;90;107m[48;2;28;31;36m▀[38;2;78;95;114m[48;2;28;31;36m▀[38;2;82;100;120m[48;2;40;47;55m▀[38;2;87;107;128m[48;2;80;99;118m▀[38;2;100;124;149m[48;2;98;122;146m▀[38;2;101;126;151m[48;2;99;123;148m▀[38;2;102;127;152m[48;2;101;126;151m▀[38;2;102;127;152m[48;2;102;127;152m▀[38;2;103;128;153m[48;2;103;128;153m▀[38;2;105;131;157m[48;2;103;128;154m▀[38;2;103;128;154m[48;2;106;132;159m▀[38;2;37;43;50m[48;2;44;51;60m▀[38;2;28;31;36m[48;2;28;32;37m▀[38;2;33;38;45m[48;2;28;31;36m▀[38;2;91;113;135m[48;2;32;36;42m▀[38;2;113;141;169m[48;2;68;83;99m▀[38;2;108;134;161m[48;2;94;116;139m▀[38;2;106;131;158m[48;2;106;131;158m▀[38;2;104;130;156m[48;2;110;137;164m▀[38;2;104;129;155m[48;2;104;130;156m▀[38;2;102;127;152m[48;2;104;129;155m▀[38;2;100;124;148m[48;2;102;127;152m▀[38;2;103;127;153m[48;2;103;128;154m▀[38;2;73;89;106m[48;2;94;116;139m▀[38;2;28;31;36m[48;2;33;37;43m▀[0m
[38;2;28;31;36m[48;2;40;47;55m▀[38;2;35;40;47m[48;2;64;78;93m▀[38;2;39;46;54m[48;2;57;68;81m▀[38;2;30;34;40m[48;2;31;35;40m▀[38;2;28;31;36m[48;2;28;32;37m▀[38;2;29;32;37m[48;2;28;32;37m▀[38;2;47;56;66m[48;2;28;31;36m▀[38;2;66;80;95m[48;2;28;31;36m▀[38;2;42;49;57m[48;2;32;36;42m▀[38;2;28;31;36m[48;2;67;82;97m▀[38;2;53;64;76m[48;2;99;123;148m▀[38;2;95;117;141m[48;2;99;122;147m▀[38;2;101;125;150m[48;2;91;112;134m▀[38;2;98;121;145m[48;2;87;107;128m▀[38;2;97;120;144m[48;2;95;117;141m▀[38;2;98;122;146m[48;2;96;119;142m▀[38;2;100;124;149m[48;2;98;121;145m▀[38;2;101;126;151m[48;2;100;124;148m▀[38;2;101;125;150m[48;2;101;125;150m▀[38;2;110;136;164m[48;2;103;127;153m▀[38;2;68;83;99m[48;2;99;123;148m▀[38;2;28;31;36m[48;2;37;42;49m▀[38;2;30;33;38m[48;2;28;31;36m▀[38;2;28;31;36m[48;2;29;33;38m▀[38;2;28;31;36m[48;2;29;33;38m▀[38;2;29;32;37m[48;2;28;31;36m▀[38;2;42;49;58m[48;2;28;31;36m▀[38;2;81;100;119m[48;2;28;31;36m▀[38;2;110;137;164m[48;2;72;88;105m▀[38;2;104;129;155m[48;2;109;136;163m▀[38;2;104;129;155m[48;2;105;130;156m▀[38;2;102;126;151m[48;2;104;129;155m▀[38;2;104;129;155m[48;2;106;131;158m▀[38;2;53;63;75m[48;2;78;95;114m▀[0m
[38;2;29;32;37m[48;2;28;31;36m▀[38;2;28;31;36m[48;2;28;32;37m▀[38;2;28;31;36m[48;2;29;32;37m▀[38;2;28;31;36m[48;2;28;31;36m▀[38;2;28;31;36m[48;2;28;31;36m▀[38;2;28;32;37m[48;2;28;31;36m▀[38;2;28;31;36m[48;2;29;32;37m▀[38;2;37;43;51m[48;2;36;41;48m▀[38;2;64;77;92m[48;2;33;37;43m▀[38;2;73;89;107m[48;2;28;31;36m▀[38;2;61;73;87m[48;2;28;31;36m▀[38;2;48;57;68m[48;2;54;64;76m▀[38;2;47;56;66m[48;2;89;110;131m▀[38;2;77;94;113m[48;2;97;121;145m▀[38;2;95;117;141m[48;2;92;113;136m▀[38;2;95;117;141m[48;2;94;116;139m▀[38;2;97;120;144m[48;2;96;119;143m▀[38;2;98;122;146m[48;2;97;120;144m▀[38;2;100;124;148m[48;2;98;121;145m▀[38;2;100;124;148m[48;2;101;125;150m▀[38;2;105;131;157m[48;2;101;126;151m▀[38;2;87;107;128m[48;2;108;134;161m▀[38;2;30;34;40m[48;2;80;98;117m▀[38;2;28;32;37m[48;2;28;32;37m▀[38;2;28;32;37m[48;2;29;32;37m▀[38;2;28;31;36m[48;2;28;32;37m▀[38;2;29;32;37m[48;2;28;31;36m▀[38;2;29;32;37m[48;2;30;33;38m▀[38;2;28;31;36m[48;2;28;32;37m▀[38;2;84;104;124m[48;2;70;86;102m▀[38;2;109;136;163m[48;2;115;143;172m▀[38;2;105;130;156m[48;2;92;113;136m▀[38;2;105;130;156m[48;2;101;125;150m▀[38;2;99;122;147m[48;2;100;124;148m▀[0m
[38;2;28;31;36m[48;2;28;31;36m▀[38;2;28;31;36m[48;2;28;31;36m▀[38;2;28;31;36m[48;2;28;31;36m▀[38;2;28;32;37m[48;2;28;31;36m▀[38;2;28;32;37m[48;2;28;31;36m▀[38;2;35;40;47m[48;2;30;33;38m▀[38;2;58;70;83m[48;2;30;34;40m▀[38;2;67;81;97m[48;2;28;31;36m▀[38;2;42;50;58m[48;2;28;31;36m▀[38;2;29;32;37m[48;2;28;31;36m▀[38;2;30;33;38m[48;2;33;38;44m▀[38;2;35;41;48m[48;2;37;43;50m▀[38;2;46;54;64m[48;2;35;40;47m▀[38;2;71;87;103m[48;2;28;31;36m▀[38;2;92;114;136m[48;2;44;51;60m▀[38;2;95;117;141m[48;2;77;95;113m▀[38;2;94;116;139m[48;2;96;118;142m▀[38;2;96;118;142m[48;2;97;121;145m▀[38;2;97;120;144m[48;2;96;119;142m▀[38;2;98;122;146m[48;2;96;119;143m▀[38;2;101;125;150m[48;2;99;123;147m▀[38;2;101;125;150m[48;2;101;126;151m▀[38;2;108;135;162m[48;2;101;125;150m▀[38;2;71;87;104m[48;2;108;134;161m▀[38;2;28;31;36m[48;2;54;65;77m▀[38;2;29;32;37m[48;2;28;31;36m▀[38;2;28;31;36m[48;2;29;32;37m▀[38;2;29;32;37m[48;2;28;31;36m▀[38;2;28;32;37m[48;2;28;31;36m▀[38;2;51;61;72m[48;2;28;31;36m▀[38;2;108;134;161m[48;2;36;42;49m▀[38;2;94;116;139m[48;2;53;64;76m▀[38;2;69;84;100m[48;2;29;32;37m▀[38;2;59;71;85m[48;2;28;31;36m▀[0m
[38;2;28;31;36m[48;2;28;31;36m▀[38;2;28;32;37m[48;2;31;36;41m▀[38;2;33;38;44m[48;2;45;53;62m▀[38;2;34;39;46m[48;2;40;46;54m▀[38;2;28;32;37m[48;2;29;32;37m▀[38;2;28;31;36m[48;2;28;32;37m▀[38;2;28;31;36m[48;2;34;39;45m▀[38;2;28;31;36m[48;2;40;47;55m▀[38;2;29;33;38m[48;2;33;38;44m▀[38;2;44;52;61m[48;2;29;32;37m▀[38;2;60;72;86m[48;2;28;31;36m▀[38;2;68;83;99m[48;2;28;31;36m▀[38;2;49;58;68m[48;2;35;40;46m▀[38;2;32;36;42m[48;2;60;72;86m▀[38;2;34;39;45m[48;2;74;91;108m▀[38;2;31;35;40m[48;2;73;89;107m▀[38;2;45;54;63m[48;2;52;63;74m▀[38;2;73;89;106m[48;2;33;38;45m▀[38;2;94;116;139m[48;2;37;42;49m▀[38;2;101;126;151m[48;2;63;76;91m▀[38;2;98;121;145m[48;2;95;117;141m▀[38;2;98;121;145m[48;2;99;123;148m▀[38;2;100;124;148m[48;2;97;120;144m▀[38;2;103;128;154m[48;2;99;123;147m▀[38;2;96;118;142m[48;2;107;133;159m▀[38;2;33;38;44m[48;2;59;72;85m▀[38;2;28;32;37m[48;2;28;31;36m▀[38;2;28;32;37m[48;2;29;33;38m▀[38;2;28;31;36m[48;2;28;31;36m▀[38;2;28;32;37m[48;2;28;31;36m▀[38;2;28;31;36m[48;2;28;32;37m▀[38;2;28;31;36m[48;2;29;33;38m▀[38;2;28;31;36m[48;2;28;31;36m▀[38;2;28;32;37m[48;2;28;31;36m▀[0m
[38;2;28;31;36m[48;2;28;31;36m▀[38;2;28;31;36m[48;2;28;31;36m▀[38;2;28;31;36m[48;2;28;32;37m▀[38;2;28;31;36m[48;2;28;32;37m▀[38;2;28;31;36m[48;2;28;31;36m▀[38;2;31;35;41m[48;2;28;31;36m▀[38;2;47;55;65m[48;2;28;31;36m▀[38;2;50;60;71m[48;2;28;31;36m▀[38;2;32;37;43m[48;2;28;31;36m▀[38;2;28;31;36m[48;2;29;33;38m▀[38;2;33;38;45m[48;2;42;49;58m▀[38;2;36;41;48m[48;2;40;47;55m▀[38;2;31;35;41m[48;2;28;31;36m▀[38;2;30;33;38m[48;2;28;31;36m▀[38;2;29;32;37m[48;2;28;31;36m▀[38;2;33;38;45m[48;2;28;31;36m▀[38;2;36;41;48m[48;2;28;31;36m▀[38;2;33;38;45m[48;2;28;32;37m▀[38;2;40;47;55m[48;2;39;46;54m▀[38;2;43;50;59m[48;2;60;72;86m▀[38;2;43;51;60m[48;2;65;79;94m▀[38;2;82;101;121m[48;2;41;48;56m▀[38;2;100;124;149m[48;2;78;96;115m▀[38;2;95;118;141m[48;2;100;124;148m▀[38;2;104;130;156m[48;2;100;124;148m▀[38;2;80;98;117m[48;2;85;105;126m▀[38;2;28;31;36m[48;2;28;31;36m▀[38;2;29;32;37m[48;2;28;32;37m▀[38;2;28;31;36m[48;2;28;31;36m▀[38;2;28;31;36m[48;2;28;31;36m▀[38;2;28;31;36m[48;2;28;31;36m▀[38;2;28;31;36m[48;2;28;31;36m▀[38;2;28;31;36m[48;2;28;31;36m▀[38;2;28;31;36m[48;2;28;31;36m▀[0m
[38;2;28;31;36m[48;2;28;31;36m▀[38;2;28;31;36m[48;2;28;31;36m▀[38;2;28;31;36m[48;2;28;31;36m▀[38;2;28;31;36m[48;2;28;31;36m▀[38;2;28;31;36m[48;2;28;31;36m▀[38;2;28;31;36m[48;2;28;31;36m▀[38;2;28;32;37m[48;2;28;31;36m▀[38;2;29;32;37m[48;2;28;31;36m▀[38;2;28;31;36m[48;2;28;31;36m▀[38;2;28;31;36m[48;2;28;31;36m▀[38;2;28;31;36m[48;2;28;32;37m▀[38;2;28;31;36m[48;2;28;32;37m▀[38;2;28;31;36m[48;2;28;31;36m▀[38;2;28;31;36m[48;2;28;31;36m▀[38;2;28;31;36m[48;2;28;31;36m▀[38;2;28;32;37m[48;2;28;31;36m▀[38;2;28;32;37m[48;2;28;31;36m▀[38;2;28;31;36m[48;2;28;31;36m▀[38;2;28;31;36m[48;2;28;32;37m▀[38;2;28;31;36m[48;2;29;32;37m▀[38;2;36;42;49m[48;2;28;31;36m▀[38;2;50;60;71m[48;2;28;31;36m▀[38;2;34;39;45m[48;2;28;32;37m▀[38;2;84;103;123m[48;2;40;47;55m▀[38;2;102;127;152m[48;2;100;124;148m▀[38;2;83;102;122m[48;2;74;90;108m▀[38;2;28;31;36m[48;2;28;31;36m▀[38;2;28;32;37m[48;2;29;32;37m▀[38;2;28;31;36m[48;2;28;31;36m▀[38;2;28;31;36m[48;2;28;31;36m▀[38;2;28;31;36m[48;2;28;31;36m▀[38;2;28;31;36m[48;2;28;31;36m▀[38;2;28;31;36m[48;2;28;31;36m▀[38;2;28;31;36m[48;2;28;31;36m▀[0m
[38;2;28;31;36m[48;2;28;31;36m▀[38;2;28;31;36m[48;2;28;31;36m▀[38;2;28;31;36m[48;2;28;31;36m▀[38;2;28;31;36m[48;2;28;31;36m▀[38;2;28;31;36m[48;2;28;31;36m▀[38;2;28;31;36m[48;2;28;31;36m▀[38;2;28;31;36m[48;2;28;31;36m▀[38;2;28;31;36m[48;2;28;31;36m▀[38;2;28;31;36m[48;2;28;31;36m▀[38;2;28;31;36m[48;2;28;31;36m▀[38;2;28;31;36m[48;2;28;31;36m▀[38;2;28;31;36m[48;2;28;31;36m▀[38;2;28;31;36m[48;2;28;31;36m▀[38;2;28;31;36m[48;2;28;31;36m▀[38;2;28;31;36m[48;2;28;31;36m▀[38;2;28;31;36m[48;2;28;31;36m▀[38;2;28;31;36m[48;2;28;31;36m▀[38;2;28;31;36m[48;2;28;31;36m▀[38;2;28;31;36m[48;2;28;31;36m▀[38;2;28;31;36m[48;2;28;31;36m▀[38;2;28;32;37m[48;2;28;31;36m▀[38;2;28;32;37m[48;2;28;31;36m▀[38;2;29;32;37m[48;2;28;32;37m▀[38;2;28;31;36m[48;2;28;32;37m▀[38;2;73;89;106m[48;2;40;47;55m▀[38;2;57;68;81m[48;2;35;41;48m▀[38;2;28;31;36m[48;2;28;31;36m▀[38;2;29;33;38m[48;2;28;32;37m▀[38;2;28;31;36m[48;2;28;31;36m▀[38;2;28;31;36m[48;2;28;31;36m▀[38;2;28;31;36m[48;2;28;31;36m▀[38;2;28;31;36m[48;2;28;31;36m▀[38;2;28;31;36m[48;2;28;31;36m▀[38;2;28;31;36m[48;2;28;31;36m▀[0m
